18,4
18,3
18,2
18,1
18,0
17,7
17,5
17,4
17,3
17,2
17,1
17,0
9,3
9,2
9,1
9,0
8,2
8,1
8,0
7,3
5,9
5,6
0,53
2,44
2,40
3,39
1,32
1,31
2,30
2,29
1,24
3,20
1,15
2,13
3,9
1,9
3,7
2,3
0,6
0,47
0,46
0,49
0,48
0,45
0,51
123,3
123,2
123,1
118,3
118,2
118,1
117,5
117,4
117,3
117,2
117,1
116,6
116,5
116,4
116,3
116,2
116,1
115,7
115,6
115,5
115,4
115,3
115,2
115,1
114,5
114,4
114,3
114,2
114,1
112,5
112,4
112,3
112,2
112,1
111,6
111,5
111,4
111,3
111,2
111,1
110,4
110,3
110,2
110,1
108,3
108,2
108,1
65,6
65,5
65,4
65,3
64,4
64,3
61,6
61,5
61,3
54,4
54,3
40,4
40,3
35,4
35,3
30,3
28,5
28,4
28,3
22,7
22,6
22,5
22,3
8,3
5,14
5,13
5,12
5,11
5,10
5,8
5,7
5,5
5,3
5,2
5,0
4,3
3,44
3,43
3,42
3,41
3,40
3,38
3,37
3,36
18,5
20,0
20,2
20,3
20,5
20,6
22,1
22,4
23,0
23,2
23,3
23,5
27,0
27,1
27,3
28,0
28,2
29,0
29,2
29,5
30,0
30,2
30,4
30,6
31,0
31,1
31,3
31,4
32,0
32,1
32,3
32,5
32,6
32,8
35,0
35,2
36,1
36,2
36,4
36,5
37,1
37,2
37,4
37,6
40,0
40,2
41,0
41,2
41,4
41,5
44,0
44,1
44,3
44,5
44,6
44,8
44,9
47,1
47,2
47,4
47,6
49,0
49,2
49,3
50,0
50,2
50,3
50,5
50,6
51,1
51,2
51,4
52,0
52,1
52,3
52,4
52,6
52,8
54,0
54,2
61,0
61,2
61,8
64,1
65,0
65,1
67,0
67,1
67,3
68,1
68,2
68,4
68,5
69,1
69,3
69,4
72,0
72,1
72,3
72,4
77,1
77,3
77,4
80,0
80,1
80,3
81,1
81,2
83,0
83,1
83,3
85,0
85,2
87,0
87,1
87,3
87,4
88,1
88,3
88,4
88,6
88,7
89,0
89,1
89,3
89,5
90,0
90,2
90,3
91,0
91,2
91,3
91,5
91,6
93,1
93,2
94,0
94,2
94,3
95,1
95,2
95,4
97,1
97,2
97,4
98,0
98,2
99,0
99,1
99,3
99,4
99,6
99,7
99,9
99,11
99,12
99,14
101,0
101,2
101,4
102,0
102,2
102,3
102,5
102,6
102,9
103,1
103,2
103,4
103,5
103,7
104,1
104,2
104,4
105,0
105,2
105,3
105,6
106,1
106,2
106,4
106,3
106,0
105,5
105,1
104,3
104,0
103,6
103,3
103,0
102,7
102,4
102,1
101,3
101,1
99,13
99,10
99,8
99,5
99,2
98,3
98,1
97,3
97,0
95,3
95,0
94,1
93,3
93,0
91,4
91,1
90,4
90,1
89,4
89,2
88,8
88,5
88,2
88,0
87,2
85,3
85,1
83,2
81,3
81,0
80,2
77,5
77,2
77,0
72,2
69,5
69,2
69,0
68,3
68,0
67,2
65,2
64,2
64,0
61,1
54,1
52,7
52,5
52,2
51,5
51,3
51,0
50,4
50,1
49,4
49,1
47,5
47,3
47,0
44,7
44,4
44,2
41,6
41,3
41,1
40,1
37,5
37,3
37,0
36,3
36,0
35,1
32,7
32,4
32,2
31,5
31,2
30,12
30,5
30,1
29,3
29,1
28,1
27,2
23,6
23,4
23,1
22,2
22,0
20,4
20,1
3,35
3,34
3,33
3,32
3,31
3,30
3,29
3,28
3,27
3,26
3,25
3,24
3,23
3,22
3,21
3,19
3,18
3,17
3,16
3,15
3,14
3,13
3,12
3,11
3,10
3,8
3,6
3,5
3,4
3,3
3,2
3,0
2,43
2,42
2,41
2,39
2,38
2,37
2,36
2,35
2,34
2,33
2,32
2,31
2,28
2,27
2,26
2,25
2,24
2,23
2,22
2,21
2,20
2,19
2,18
2,17
2,16
2,15
2,14
2,12
2,11
2,10
2,9
2,8
2,7
2,6
2,5
2,4
2,2
2,0
1,45
1,44
1,43
1,42
1,41
1,40
1,39
1,38
1,37
1,36
1,35
1,34
1,33
1,30
1,29
1,28
1,27
1,26
1,25
1,23
1,22
1,21
1,20
1,19
1,18
1,17
1,16
1,14
1,13
1,12
1,11
1,10
1,8
1,7
1,6
1,5
1,4
1,3
1,2
1,0
0,54
0,52
0,50
0,12
0,11
0,10
0,9
0,8
0,2
0,0
0,5
0,7
0,4
0,3
123,0
118,0
117,0
116,0
115,0
114,0
112,0
111,0
110,0
108,0
